Percentage served,Time in ms
0,0.079
1,0.123
2,0.128
3,0.597
4,1.149
5,1.634
6,2.125
7,2.560
8,2.985
9,3.196
10,3.262
11,3.303
12,3.327
13,3.353
14,3.369
15,3.379
16,3.389
17,3.398
18,3.409
19,3.419
20,3.428
21,3.434
22,3.439
23,3.444
24,3.447
25,3.451
26,3.455
27,3.460
28,3.465
29,3.470
30,3.475
31,3.480
32,3.486
33,3.492
34,3.498
35,3.503
36,3.507
37,3.511
38,3.516
39,3.520
40,3.525
41,3.529
42,3.535
43,3.540
44,3.545
45,3.550
46,3.554
47,3.558
48,3.563
49,3.567
50,3.572
51,3.576
52,3.581
53,3.586
54,3.591
55,3.596
56,3.600
57,3.605
58,3.611
59,3.617
60,3.623
61,3.628
62,3.633
63,3.638
64,3.643
65,3.648
66,3.653
67,3.659
68,3.665
69,3.671
70,3.677
71,3.684
72,3.691
73,3.698
74,3.706
75,3.714
76,3.722
77,3.730
78,3.739
79,3.748
80,3.758
81,3.768
82,3.778
83,3.790
84,3.804
85,3.818
86,3.836
87,3.850
88,3.874
89,3.904
90,3.938
91,3.986
92,4.071
93,4.249
94,4.696
95,5.289
96,5.861
97,6.461
98,6.964
99,7.172
